"flat";"down";"up"
"0.16";0.5;0.25;0.25
"0.41";0.5;0.25;0.25
"0.48";0.5;0.25;0.25
"0.55";0.4;0.4;0.2
"000";0.208333333333333;0.333333333333333;0.458333333333333
"002";0.6;0.2;0.2
"1.02";0.333333333333333;0.166666666666667;0.5
"1.04";0.5;0.25;0.25
"1.07";0.428571428571429;0.285714285714286;0.285714285714286
"1.32";0.4;0.4;0.2
"1.5";0.307692307692308;0.153846153846154;0.538461538461538
"10";0.143712574850299;0.335329341317365;0.520958083832335
"10.06";0.428571428571429;0.285714285714286;0.285714285714286
"10.4";0.375;0.25;0.375
"10.8";0.5;0.25;0.25
"100";0.259259259259259;0.259259259259259;0.481481481481481
"10002.58";0.4;0.4;0.2
"1001";0.5;0.25;0.25
"11";0.134615384615385;0.384615384615385;0.480769230769231
"1166";0.5;0.25;0.25
"119";0.4;0.2;0.4
"12";0.0609756097560976;0.524390243902439;0.414634146341463
"12.43";0.5;0.25;0.25
"12.56";0.4;0.4;0.2
"122";0.375;0.25;0.375
"124";0.25;0.416666666666667;0.333333333333333
"13";0.1875;0.46875;0.34375
"13.8";0.375;0.25;0.375
"1324";0.5;0.25;0.25
"1393";0.6;0.2;0.2
"14";0.166666666666667;0.333333333333333;0.5
"15";0.2;0.4;0.4
"150";0.428571428571429;0.142857142857143;0.428571428571429
"1560";0.428571428571429;0.285714285714286;0.285714285714286
"16";0.0769230769230769;0.395604395604396;0.527472527472527
"160";0.235294117647059;0.176470588235294;0.588235294117647
"17";0.193548387096774;0.451612903225806;0.354838709677419
"18";0.125;0.375;0.5
"18.79";0.5;0.25;0.25
"19";0.15;0.4;0.45
"2.5";0.333333333333333;0.25;0.416666666666667
"2.52";0.428571428571429;0.285714285714286;0.285714285714286
"20";0.230769230769231;0.384615384615385;0.384615384615385
"200";0.134615384615385;0.461538461538462;0.403846153846154
"2000";0.2;0.533333333333333;0.266666666666667
"2007";0.230769230769231;0.153846153846154;0.615384615384615
"2013";0.222222222222222;0.518518518518518;0.259259259259259
"2014";0.266666666666667;0.288888888888889;0.444444444444444
"2015";0.217391304347826;0.456521739130435;0.326086956521739
"2016";0.277777777777778;0.444444444444444;0.277777777777778
"2040";0.375;0.375;0.25
"2070";0.375;0.375;0.25
"2125.05";0.375;0.25;0.375
"22";0.107142857142857;0.178571428571429;0.714285714285714
"23";0.35;0.35;0.3
"2303";0.111111111111111;0.296296296296296;0.592592592592593
"2311";0.125;0.3125;0.5625
"2317";0.333333333333333;0.288888888888889;0.377777777777778
"2330";0.134883720930233;0.395348837209302;0.469767441860465
"2379";0.25;0.5;0.25
"2395";0.5;0.25;0.25
"24";0.315789473684211;0.315789473684211;0.368421052631579
"24.96";0.5;0.25;0.25
"2409";0.166666666666667;0.222222222222222;0.611111111111111
"2449";0.5;0.25;0.25
"2454";0.208333333333333;0.333333333333333;0.458333333333333
"2474";0.428571428571429;0.285714285714286;0.285714285714286
"25";0.176470588235294;0.441176470588235;0.382352941176471
"25.7";0.5;0.25;0.25
"2592.93";0.4;0.2;0.4
"26";0.153846153846154;0.538461538461538;0.307692307692308
"27";0.447368421052632;0.394736842105263;0.157894736842105
"28";0.117647058823529;0.588235294117647;0.294117647058824
"28.99";0.5;0.25;0.25
"2880";0.5;0.25;0.25
"2888";0.555555555555556;0.222222222222222;0.222222222222222
"29";0.206896551724138;0.448275862068966;0.344827586206897
"29.66";0.5;0.25;0.25
"2912";0.4;0.2;0.4
"3.1";0.363636363636364;0.454545454545455;0.181818181818182
"3.27";0.5;0.25;0.25
"3.4";0.333333333333333;0.222222222222222;0.444444444444444
"3.8";0.230769230769231;0.384615384615385;0.384615384615385
"3.82";0.5;0.25;0.25
"3.88";0.5;0.25;0.25
"30";0.15;0.325;0.525
"300";0.105263157894737;0.447368421052632;0.447368421052632
"3008";0.09375;0.390625;0.515625
"31";0.12;0.68;0.2
"321";0.5;0.25;0.25
"3264";0.4;0.4;0.2
"3289";0.428571428571429;0.285714285714286;0.285714285714286
"33.2";0.6;0.2;0.2
"3374";0.222222222222222;0.444444444444444;0.333333333333333
"3474";0.5;0.333333333333333;0.166666666666667
"3532";0.3;0.3;0.4
"3587";0.428571428571429;0.285714285714286;0.285714285714286
"36";0.3;0.2;0.5
"3658";0.135135135135135;0.243243243243243;0.621621621621622
"376.5";0.428571428571429;0.285714285714286;0.285714285714286
"4.38";0.5;0.25;0.25
"4.5";0.173913043478261;0.217391304347826;0.608695652173913
"4.9";0.3;0.5;0.2
"400";0.142857142857143;0.428571428571429;0.428571428571429
"41";0.375;0.25;0.375
"410";0.428571428571429;0.285714285714286;0.285714285714286
"42";0.352941176470588;0.235294117647059;0.411764705882353
"450";0.363636363636364;0.454545454545455;0.181818181818182
"460";0.428571428571429;0.285714285714286;0.285714285714286
"47";0.375;0.375;0.25
"4736";0.428571428571429;0.285714285714286;0.285714285714286
"478";0.428571428571429;0.285714285714286;0.285714285714286
"4938";0.285714285714286;0.5;0.214285714285714
"497";0.428571428571429;0.285714285714286;0.285714285714286
"5.25";0.428571428571429;0.285714285714286;0.285714285714286
"5.48";0.428571428571429;0.285714285714286;0.285714285714286
"500";0.293103448275862;0.293103448275862;0.413793103448276
"503";0.444444444444444;0.333333333333333;0.222222222222222
"51.6";0.5;0.25;0.25
"52.8";0.5;0.25;0.25
"54.2";0.5;0.25;0.25
"5443";0.428571428571429;0.285714285714286;0.285714285714286
"59.84";0.5;0.25;0.25
"593";0.4;0.4;0.2
"6.04";0.428571428571429;0.285714285714286;0.285714285714286
"600";0.25;0.446428571428571;0.303571428571429
"6257";0.444444444444444;0.222222222222222;0.333333333333333
"63";0.428571428571429;0.285714285714286;0.285714285714286
"645.14";0.375;0.25;0.375
"665";0.444444444444444;0.222222222222222;0.333333333333333
"673";0.428571428571429;0.285714285714286;0.285714285714286
"69.52";0.4;0.4;0.2
"697.45";0.428571428571429;0.285714285714286;0.285714285714286
"699";0.428571428571429;0.285714285714286;0.285714285714286
"7.5";0.4;0.3;0.3
"700";0.357142857142857;0.142857142857143;0.5
"72.41";0.6;0.2;0.2
"736";0.428571428571429;0.285714285714286;0.285714285714286
"74.23";0.6;0.2;0.2
"761.31";0.5;0.25;0.25
"775";0.5;0.25;0.25
"794";0.428571428571429;0.285714285714286;0.285714285714286
"800";0.136363636363636;0.545454545454545;0.318181818181818
"8044";0.428571428571429;0.285714285714286;0.285714285714286
"8056";0.5;0.25;0.25
"8150";0.5;0.25;0.25
"820";0.3;0.2;0.5
"822";0.5;0.25;0.25
"823.81";0.428571428571429;0.285714285714286;0.285714285714286
"843";0.428571428571429;0.285714285714286;0.285714285714286
"8445";0.375;0.25;0.375
"8457.4";0.428571428571429;0.285714285714286;0.285714285714286
"8544";0.428571428571429;0.285714285714286;0.285714285714286
"860";0.428571428571429;0.285714285714286;0.285714285714286
"9.4";0.428571428571429;0.285714285714286;0.285714285714286
"9.53";0.5;0.25;0.25
"90";0.428571428571429;0.285714285714286;0.285714285714286
"9056";0.428571428571429;0.285714285714286;0.285714285714286
"91";0.5;0.25;0.25
"91.06";0.428571428571429;0.285714285714286;0.285714285714286
"92";0.571428571428571;0.142857142857143;0.285714285714286
"9450";0.5;0.25;0.25
"9500";0.24;0.52;0.24
"9503";0.5;0.25;0.25
"9529.51";0.5;0.25;0.25
"9533.38";0.5;0.25;0.25
"9596.24";0.5;0.25;0.25
"9673";0.428571428571429;0.285714285714286;0.285714285714286
"9683";0.428571428571429;0.285714285714286;0.285714285714286
"973";0.5;0.25;0.25
"9973.12";0.5;0.25;0.25
"9998.08";0.5;0.25;0.25
"A10";0.25;0.5;0.25
"A8";0.428571428571429;0.142857142857143;0.428571428571429
"ADR";0.173913043478261;0.391304347826087;0.434782608695652
"Air";0.5;0.25;0.25
"Alcoa";0.5;0.25;0.25
"Altera";0.5;0.166666666666667;0.333333333333333
"Apple";0.304347826086957;0.391304347826087;0.304347826086957
"BBR";0.428571428571429;0.285714285714286;0.285714285714286
"Bill";0.444444444444444;0.222222222222222;0.333333333333333
"CEA";0.428571428571429;0.285714285714286;0.285714285714286
"ECB";0.19047619047619;0.476190476190476;0.333333333333333
"Fab15";0.5;0.25;0.25
"FDX";0.428571428571429;0.285714285714286;0.285714285714286
"Fed";0.290322580645161;0.387096774193548;0.32258064516129
"FOMC";0.333333333333333;0.333333333333333;0.333333333333333
"Forbes";0.428571428571429;0.285714285714286;0.285714285714286
"FPGA";0.4;0.4;0.2
"Genentech";0.5;0.25;0.25
"GF";0.428571428571429;0.285714285714286;0.285714285714286
"Gilead";0.5;0.25;0.25
"Global";0.428571428571429;0.285714285714286;0.285714285714286
"Holdings";0.428571428571429;0.285714285714286;0.285714285714286
"IC";0.164179104477612;0.492537313432836;0.343283582089552
"index";0.428571428571429;0.285714285714286;0.285714285714286
"iPad";0.4;0.3;0.3
"iPhone";0.147058823529412;0.294117647058824;0.558823529411765
"JD";0.428571428571429;0.285714285714286;0.285714285714286
"K2K";0.5;0.25;0.25
"KD";0.3;0.3;0.4
"Kos";0.5;0.25;0.25
"LED";0.272727272727273;0.545454545454545;0.181818181818182
"LTE";0.5;0.25;0.25
"Macbook";0.5;0.25;0.25
"Materials";0.444444444444444;0.333333333333333;0.222222222222222
"MSCI";0.184210526315789;0.394736842105263;0.421052631578947
"MWC";0.533333333333333;0.133333333333333;0.333333333333333
"NXP";0.428571428571429;0.285714285714286;0.285714285714286
"patient";0.428571428571429;0.285714285714286;0.285714285714286
"PCB";0.333333333333333;0.333333333333333;0.333333333333333
"QE";0.129032258064516;0.387096774193548;0.483870967741935
"QE3";0.5;0.25;0.25
"S6";0.4;0.2;0.4
"semi";0.375;0.25;0.375
"SEMI";0.181818181818182;0.181818181818182;0.636363636363636
"SMIC";0.428571428571429;0.285714285714286;0.285714285714286
"Snapdragon";0.272727272727273;0.272727272727273;0.454545454545455
"SoFIA";0.6;0.2;0.2
"TWSESCI";0.375;0.25;0.375
"Type";0.3;0.4;0.3
"United";0.428571428571429;0.285714285714286;0.285714285714286
"USB";0.333333333333333;0.444444444444444;0.222222222222222
"Watch";0.428571428571429;0.285714285714286;0.285714285714286
"阿爾特";0.5;0.25;0.25
"八點";0.428571428571429;0.285714285714286;0.285714285714286
"八三";0.428571428571429;0.285714285714286;0.285714285714286
"巴克萊";0.230769230769231;0.461538461538462;0.307692307692308
"半邊天";0.5;0.25;0.25
"半導體";0.173076923076923;0.394230769230769;0.432692307692308
"半導體技術";0.428571428571429;0.285714285714286;0.285714285714286
"半導體業";0.25;0.375;0.375
"保戶";0.428571428571429;0.285714285714286;0.285714285714286
"保留盈餘";0.5;0.25;0.25
"保衛戰";0.266666666666667;0.466666666666667;0.266666666666667
"報酬";0.375;0.25;0.375
"報告";0.0612244897959184;0.448979591836735;0.489795918367347
"北美";0.307692307692308;0.307692307692308;0.384615384615385
"備受";0.444444444444444;0.333333333333333;0.222222222222222
"備受矚目";0.5;0.25;0.25
"備太多";0.428571428571429;0.285714285714286;0.285714285714286
"備戰";0.5;0.25;0.25
"本波";0.5;0.25;0.25
"本業";0.428571428571429;0.285714285714286;0.285714285714286
"辨識";0.363636363636364;0.272727272727273;0.363636363636364
"表現";0.0952380952380952;0.452380952380952;0.452380952380952
"併購";0.363636363636364;0.272727272727273;0.363636363636364
"並未";0.307692307692308;0.461538461538462;0.230769230769231
"並無太大";0.5;0.25;0.25
"並以";0.214285714285714;0.214285714285714;0.571428571428571
"不變";0.15;0.35;0.5
"不錯";0.363636363636364;0.363636363636364;0.272727272727273
"不淡";0.15;0.4;0.45
"不夠";0.5;0.25;0.25
"不過";0.168067226890756;0.336134453781513;0.495798319327731
"不會";0.15;0.4;0.45
"不落人後";0.333333333333333;0.444444444444444;0.222222222222222
"不輕";0.444444444444444;0.222222222222222;0.333333333333333
"不確定性";0.454545454545455;0.181818181818182;0.363636363636364
"不容樂觀";0.5;0.25;0.25
"不少台";0.5;0.25;0.25
"不約而同";0.444444444444444;0.222222222222222;0.333333333333333
"不漲";0.333333333333333;0.222222222222222;0.444444444444444
"財產";0.428571428571429;0.285714285714286;0.285714285714286
"參與";0.130434782608696;0.565217391304348;0.304347826086957
"操盤";0.428571428571429;0.285714285714286;0.285714285714286
"策略性";0.5;0.25;0.25
"曾銘宗";0.4;0.2;0.4
"產業";0.193548387096774;0.387096774193548;0.419354838709677
"常會";0.428571428571429;0.285714285714286;0.285714285714286
"廠商";0.19047619047619;0.428571428571429;0.380952380952381
"撐住";0.5;0.25;0.25
"成長";0.111111111111111;0.4;0.488888888888889
"成交量";0.173913043478261;0.391304347826087;0.434782608695652
"成康";0.444444444444444;0.222222222222222;0.333333333333333
"成為";0.194444444444444;0.388888888888889;0.416666666666667
"呈現";0.101694915254237;0.525423728813559;0.372881355932203
"吃緊";0.333333333333333;0.444444444444444;0.222222222222222
"持續";0.128205128205128;0.384615384615385;0.487179487179487
"充電";0.363636363636364;0.454545454545455;0.181818181818182
"充滿";0.5;0.25;0.25
"出貨";0.131578947368421;0.263157894736842;0.605263157894737
"出來";0.5;0.25;0.25
"出籠";0.266666666666667;0.466666666666667;0.266666666666667
"出爐";0.259259259259259;0.185185185185185;0.555555555555556
"出現";0.12280701754386;0.429824561403509;0.447368421052632
"除息";0.428571428571429;0.285714285714286;0.285714285714286
"傳產";0.266666666666667;0.333333333333333;0.4
"傳出";0.181818181818182;0.363636363636364;0.454545454545455
"傳台";0.428571428571429;0.285714285714286;0.285714285714286
"傳聞";0.444444444444444;0.222222222222222;0.333333333333333
"傳言";0.307692307692308;0.307692307692308;0.384615384615385
"創辦人";0.363636363636364;0.181818181818182;0.454545454545455
"創高";0.285714285714286;0.285714285714286;0.428571428571429
"創下";0.211538461538462;0.365384615384615;0.423076923076923
"創新";0.205128205128205;0.282051282051282;0.512820512820513
"創新力";0.5;0.25;0.25
"創業";0.5;0.25;0.25
"創意";0.285714285714286;0.571428571428571;0.142857142857143
"春節";0.4;0.2;0.4
"純益";0.15;0.55;0.3
"慈昨";0.5;0.25;0.25
"促使";0.5;0.25;0.25
"達克";0.6;0.2;0.2
"大寶";0.117647058823529;0.588235294117647;0.294117647058824
"大廠";0.244897959183673;0.530612244897959;0.224489795918367
"大關";0.145833333333333;0.5;0.354166666666667
"大戶";0.307692307692308;0.307692307692308;0.384615384615385
"大會";0.444444444444444;0.333333333333333;0.222222222222222
"大立";0.25;0.25;0.5
"大立光";0.157894736842105;0.210526315789474;0.631578947368421
"大陸";0.125;0.375;0.5
"大盤";0.0932203389830508;0.483050847457627;0.423728813559322
"大企";0.5;0.25;0.25
"大勢所趨";0.428571428571429;0.285714285714286;0.285714285714286
"大受歡迎";0.428571428571429;0.285714285714286;0.285714285714286
"大於";0.307692307692308;0.153846153846154;0.538461538461538
"大戰";0.5;0.25;0.25
"大漲";0.0714285714285714;0.285714285714286;0.642857142857143
"代工";0.176470588235294;0.411764705882353;0.411764705882353
"代工廠";0.208333333333333;0.375;0.416666666666667
"代價";0.5;0.25;0.25
"帶動";0.153846153846154;0.307692307692308;0.538461538461538
"帶來";0.4;0.466666666666667;0.133333333333333
"單筆";0.5;0.25;0.25
"單月";0.444444444444444;0.222222222222222;0.333333333333333
"但多空";0.428571428571429;0.285714285714286;0.285714285714286
"倒數";0.307692307692308;0.461538461538462;0.230769230769231
"導致";0.115384615384615;0.538461538461538;0.346153846153846
"德股";0.6;0.2;0.2
"德國";0.375;0.375;0.25
"登場";0.4;0.4;0.2
"等功";0.5;0.25;0.25
"低標";0.428571428571429;0.285714285714286;0.285714285714286
"低點";0.1875;0.34375;0.46875
"低功耗";0.428571428571429;0.285714285714286;0.285714285714286
"低於";0.238095238095238;0.523809523809524;0.238095238095238
"電子";0.227272727272727;0.272727272727273;0.5
"訂單";0.45;0.3;0.25
"丟回";0.428571428571429;0.285714285714286;0.285714285714286
"董監";0.5;0.25;0.25
"董監事";0.5;0.25;0.25
"董事長";0.2;0.333333333333333;0.466666666666667
"動盪";0.15;0.25;0.6
"動能";0.151515151515152;0.303030303030303;0.545454545454545
"動態";0.375;0.25;0.375
"動向";0.266666666666667;0.333333333333333;0.4
"動作";0.238095238095238;0.380952380952381;0.380952380952381
"獨角獸";0.428571428571429;0.285714285714286;0.285714285714286
"堆高";0.5;0.25;0.25
"對比";0.6;0.2;0.2
"對決";0.375;0.25;0.375
"對台";0.25;0.416666666666667;0.333333333333333
"對於";0.217391304347826;0.565217391304348;0.217391304347826
"多單";0.25;0.25;0.5
"多獲";0.5;0.25;0.25
"多數";0.25;0.45;0.3
"多頭";0.242424242424242;0.378787878787879;0.378787878787879
"恩智浦";0.428571428571429;0.285714285714286;0.285714285714286
"二檔";0.4;0.4;0.2
"二天";0.5;0.25;0.25
"二線";0.333333333333333;0.333333333333333;0.333333333333333
"二項";0.428571428571429;0.285714285714286;0.285714285714286
"發酵";0.428571428571429;0.285714285714286;0.285714285714286
"廢除";0.3;0.4;0.3
"法人";0.260869565217391;0.173913043478261;0.565217391304348
"法說";0.0882352941176471;0.529411764705882;0.382352941176471
"反彈";0.137931034482759;0.32183908045977;0.540229885057471
"反應";0.157894736842105;0.263157894736842;0.578947368421053
"反轉";0.333333333333333;0.222222222222222;0.444444444444444
"方德";0.333333333333333;0.444444444444444;0.222222222222222
"分別";0.387096774193548;0.32258064516129;0.290322580645161
"分大單";0.5;0.25;0.25
"分數";0.5;0.25;0.25
"分析師";0.115702479338843;0.363636363636364;0.520661157024793
"封關";0.409090909090909;0.0909090909090909;0.5
"符合";0.444444444444444;0.333333333333333;0.222222222222222
"復華";0.4;0.2;0.4
"復活";0.428571428571429;0.285714285714286;0.285714285714286
"復甦";0.214285714285714;0.428571428571429;0.357142857142857
"富邦";0.272727272727273;0.181818181818182;0.545454545454545
"富比";0.428571428571429;0.285714285714286;0.285714285714286
"改寫";0.545454545454545;0.181818181818182;0.272727272727273
"改選";0.444444444444444;0.333333333333333;0.222222222222222
"干擾";0.3;0.3;0.4
"高點";0.266666666666667;0.333333333333333;0.4
"格羅";0.333333333333333;0.444444444444444;0.222222222222222
"各廠";0.5;0.25;0.25
"各類";0.272727272727273;0.363636363636364;0.363636363636364
"各項";0.428571428571429;0.285714285714286;0.285714285714286
"個股";0.139240506329114;0.430379746835443;0.430379746835443
"根據";0.363636363636364;0.272727272727273;0.363636363636364
"工業用水";0.5;0.25;0.25
"公布";0.4;0.4;0.2
"公噸";0.4;0.3;0.3
"公股";0.1875;0.25;0.5625
"公開市場";0.333333333333333;0.333333333333333;0.333333333333333
"公司債";0.3;0.4;0.3
"公證";0.428571428571429;0.285714285714286;0.285714285714286
"供電";0.428571428571429;0.285714285714286;0.285714285714286
"供應";0.3;0.3;0.4
"供應鏈";0.140350877192982;0.210526315789474;0.649122807017544
"股本";0.5;0.25;0.25
"股東會";0.461538461538462;0.230769230769231;0.307692307692308
"股價";0.125;0.321428571428571;0.553571428571429
"股民";0.428571428571429;0.285714285714286;0.285714285714286
"股市";0.25;0.166666666666667;0.583333333333333
"股息";0.307692307692308;0.307692307692308;0.384615384615385
"固態";0.428571428571429;0.285714285714286;0.285714285714286
"固樁";0.5;0.25;0.25
"僱用";0.5;0.25;0.25
"光將";0.428571428571429;0.285714285714286;0.285714285714286
"光學";0.4;0.2;0.4
"規模";0.375;0.25;0.375
"郭台銘";0.428571428571429;0.285714285714286;0.285714285714286
"國安";0.238095238095238;0.285714285714286;0.476190476190476
"國發";0.545454545454545;0.272727272727273;0.181818181818182
"國會";0.375;0.375;0.25
"國際";0.229357798165138;0.403669724770642;0.36697247706422
"國際金融";0.333333333333333;0.333333333333333;0.333333333333333
"國家";0.25;0.333333333333333;0.416666666666667
"國巨";0.5;0.25;0.25
"國聯";0.230769230769231;0.5;0.269230769230769
"國民黨";0.375;0.25;0.375
"國內";0.2;0.257142857142857;0.542857142857143
"國內法";0.375;0.25;0.375
"國泰";0.25;0.325;0.425
"過年";0.428571428571429;0.285714285714286;0.285714285714286
"行動";0.4;0.4;0.2
"合併";0.117647058823529;0.411764705882353;0.470588235294118
"合計";0.285714285714286;0.285714285714286;0.428571428571429
"合約";0.0967741935483871;0.516129032258065;0.387096774193548
"合作";0.5;0.25;0.25
"何時";0.444444444444444;0.222222222222222;0.333333333333333
"和後段";0.5;0.25;0.25
"鴻海";0.538461538461538;0.153846153846154;0.307692307692308
"後市";0.181818181818182;0.409090909090909;0.409090909090909
"呼籲";0.375;0.25;0.375
"互補";0.375;0.375;0.25
"互異";0.5;0.25;0.25
"華電";0.5;0.25;0.25
"回補";0.235294117647059;0.294117647058824;0.470588235294118
"回測";0.166666666666667;0.583333333333333;0.25
"回檔";0.222222222222222;0.518518518518518;0.259259259259259
"回歸";0.375;0.25;0.375
"回來";0.5;0.25;0.25
"回穩";0.210526315789474;0.157894736842105;0.631578947368421
"回應";0.333333333333333;0.333333333333333;0.333333333333333
"匯兌";0.444444444444444;0.222222222222222;0.333333333333333
"匯入";0.3;0.4;0.3
"匯市";0.176470588235294;0.352941176470588;0.470588235294118
"會後";0.333333333333333;0.444444444444444;0.222222222222222
"夥伴";0.266666666666667;0.2;0.533333333333333
"獲利";0.225806451612903;0.451612903225806;0.32258064516129
"基礎";0.5;0.25;0.25
"基金";0.166666666666667;0.333333333333333;0.5
"基金會";0.375;0.25;0.375
"機會";0.333333333333333;0.466666666666667;0.2
"積電";0.235294117647059;0.411764705882353;0.352941176470588
"及美股";0.5;0.25;0.25
"即將";0.205128205128205;0.358974358974359;0.435897435897436
"急攻";0.5;0.25;0.25
"急起直追";0.5;0.2;0.3
"集團";0.266666666666667;0.266666666666667;0.466666666666667
"技嘉";0.5;0.25;0.25
"技術";0.310344827586207;0.413793103448276;0.275862068965517
"技術指標";0.428571428571429;0.285714285714286;0.285714285714286
"季財報";0.357142857142857;0.357142857142857;0.285714285714286
"季財測";0.363636363636364;0.363636363636364;0.272727272727273
"季間";0.5;0.25;0.25
"季節";0.5;0.25;0.25
"季線";0.264705882352941;0.411764705882353;0.323529411764706
"季營";0.230769230769231;0.384615384615385;0.384615384615385
"季營收";0.285714285714286;0.5;0.214285714285714
"季至";0.444444444444444;0.333333333333333;0.222222222222222
"記憶體";0.4;0.4;0.2
"加劇";0.363636363636364;0.272727272727273;0.363636363636364
"加碼";0.108108108108108;0.351351351351351;0.540540540540541
"加權指數";0.0952380952380952;0.416666666666667;0.488095238095238
"加溫";0.307692307692308;0.153846153846154;0.538461538461538
"加徵";0.5;0.25;0.25
"價差";0.0943396226415094;0.509433962264151;0.39622641509434
"價格";0.19047619047619;0.571428571428571;0.238095238095238
"價量";0.333333333333333;0.333333333333333;0.333333333333333
"價位";0.363636363636364;0.272727272727273;0.363636363636364
"減緩";0.5;0.25;0.25
"檢測";0.428571428571429;0.285714285714286;0.285714285714286
"將呈";0.5;0.25;0.25
"將待";0.428571428571429;0.285714285714286;0.285714285714286
"將繼";0.5;0.25;0.25
"將球";0.428571428571429;0.285714285714286;0.285714285714286
"將是";0.25;0.125;0.625
"將台";0.416666666666667;0.333333333333333;0.25
"將以";0.4;0.2;0.4
"將有";0.363636363636364;0.454545454545455;0.181818181818182
"將在";0.307692307692308;0.461538461538462;0.230769230769231
"交叉";0.428571428571429;0.285714285714286;0.285714285714286
"交期";0.3;0.5;0.2
"接班";0.428571428571429;0.285714285714286;0.285714285714286
"接班人";0.428571428571429;0.285714285714286;0.285714285714286
"接續";0.5;0.25;0.25
"揭曉";0.5;0.25;0.25
"結算";0.2;0.4;0.4
"解決方案";0.428571428571429;0.285714285714286;0.285714285714286
"解盲";0.5;0.25;0.25
"解析度";0.5;0.25;0.25
"介紹";0.5;0.25;0.25
"今摩台";0.5;0.25;0.25
"今日";0.375;0.3125;0.3125
"今天";0.235294117647059;0.352941176470588;0.411764705882353
"今早";0.133333333333333;0.433333333333333;0.433333333333333
"金額";0.272727272727273;0.454545454545455;0.272727272727273
"金管會";0.333333333333333;0.166666666666667;0.5
"金融股";0.272727272727273;0.181818181818182;0.545454545454545
"僅聯";0.375;0.375;0.25
"僅台";0.375;0.25;0.375
"京元電";0.5;0.25;0.25
"晶片";0.366666666666667;0.333333333333333;0.3
"晶圓";0.2;0.466666666666667;0.333333333333333
"經濟";0.454545454545455;0.227272727272727;0.318181818181818
"景氣";0.178571428571429;0.392857142857143;0.428571428571429
"就業";0.25;0.5;0.25
"劇烈";0.375;0.375;0.25
"據統計";0.428571428571429;0.285714285714286;0.285714285714286
"捐出";0.428571428571429;0.285714285714286;0.285714285714286
"決定";0.428571428571429;0.285714285714286;0.285714285714286
"均豪";0.428571428571429;0.285714285714286;0.285714285714286
"均華";0.428571428571429;0.285714285714286;0.285714285714286
"卡位";0.384615384615385;0.230769230769231;0.384615384615385
"開出";0.25;0.3125;0.4375
"開盤";0.333333333333333;0.166666666666667;0.5
"凱基";0.285714285714286;0.571428571428571;0.142857142857143
"看好";0.25;0.416666666666667;0.333333333333333
"可成";0.4;0.3;0.3
"可達";0.4;0.4;0.2
"可選台";0.5;0.25;0.25
"可轉債";0.428571428571429;0.285714285714286;0.285714285714286
"客戶";0.178571428571429;0.5;0.321428571428571
"控管";0.4;0.3;0.3
"叩關";0.307692307692308;0.230769230769231;0.461538461538462
"庫存";0.210526315789474;0.210526315789474;0.578947368421053
"寬度";0.428571428571429;0.285714285714286;0.285714285714286
"寬鬆";0.434782608695652;0.478260869565217;0.0869565217391304
"困案";0.428571428571429;0.285714285714286;0.285714285714286
"拉動";0.5;0.25;0.25
"來到";0.148514851485149;0.455445544554455;0.396039603960396
"來看";0.291666666666667;0.333333333333333;0.375
"來期";0.5;0.25;0.25
"來自";0.333333333333333;0.166666666666667;0.5
"冷凍";0.5;0.25;0.25
"禮物";0.428571428571429;0.285714285714286;0.285714285714286
"力駁";0.5;0.25;0.25
"力守";0.2;0.45;0.35
"立法院";0.5;0.25;0.25
"歷年";0.5;0.25;0.25
"聯電";0.235294117647059;0.235294117647059;0.529411764705882
"聯發科";0.25;0.333333333333333;0.416666666666667
"聯網";0.1875;0.4375;0.375
"兩大";0.333333333333333;0.208333333333333;0.458333333333333
"兩天";0.2;0.333333333333333;0.466666666666667
"兩月營";0.428571428571429;0.285714285714286;0.285714285714286
"量產";0.5;0.25;0.25
"列車";0.333333333333333;0.333333333333333;0.333333333333333
"流動性";0.5;0.25;0.25
"龍頭";0.4;0.4;0.2
"陸續";0.5;0.25;0.25
"亂流";0.428571428571429;0.285714285714286;0.285714285714286
"呂穎彰";0.5;0.25;0.25
"買進";0.375;0.375;0.25
"賣壓";0.363636363636364;0.363636363636364;0.272727272727273
"沒有";0.4;0.3;0.3
"媒體";0.4;0.2;0.4
"每股";0.214285714285714;0.5;0.285714285714286
"每位";0.428571428571429;0.285714285714286;0.285714285714286
"美股";0.173913043478261;0.347826086956522;0.478260869565217
"美國";0.263157894736842;0.631578947368421;0.105263157894737
"民進黨";0.428571428571429;0.285714285714286;0.285714285714286
"名衝";0.5;0.25;0.25
"名單";0.333333333333333;0.333333333333333;0.333333333333333
"摩台期";0.4;0.2;0.4
"拿下";0.5;0.25;0.25
"那斯";0.6;0.2;0.2
"奈米";0.135135135135135;0.594594594594595;0.27027027027027
"南僑";0.5;0.25;0.25
"內部";0.444444444444444;0.333333333333333;0.222222222222222
"內資";0.176470588235294;0.588235294117647;0.235294117647059
"年來";0.461538461538462;0.153846153846154;0.384615384615385
"年輕人";0.444444444444444;0.333333333333333;0.222222222222222
"年終";0.333333333333333;0.333333333333333;0.333333333333333
"廿五";0.428571428571429;0.285714285714286;0.285714285714286
"牛仔褲";0.428571428571429;0.285714285714286;0.285714285714286
"歐美";0.272727272727273;0.181818181818182;0.545454545454545
"歐台期";0.25;0.25;0.5
"歐系";0.384615384615385;0.307692307692308;0.307692307692308
"歐洲";0.4;0.2;0.4
"排名";0.4;0.2;0.4
"判斷";0.363636363636364;0.181818181818182;0.454545454545455
"培養";0.5;0.25;0.25
"噴嚏";0.5;0.25;0.25
"平倉";0.142857142857143;0.333333333333333;0.523809523809524
"平盤";0.16;0.44;0.4
"屏息以待";0.333333333333333;0.5;0.166666666666667
"評鑑";0.4;0.266666666666667;0.333333333333333
"蘋果";0.166666666666667;0.388888888888889;0.444444444444444
"七千萬";0.428571428571429;0.285714285714286;0.285714285714286
"期間";0.363636363636364;0.363636363636364;0.272727272727273
"其趣";0.5;0.25;0.25
"其餘";0.307692307692308;0.461538461538462;0.230769230769231
"企圖";0.416666666666667;0.25;0.333333333333333
"企業";0.166666666666667;0.345238095238095;0.488095238095238
"啟動";0.260869565217391;0.260869565217391;0.478260869565217
"汽車";0.333333333333333;0.333333333333333;0.333333333333333
"千點";0.375;0.25;0.375
"千億美元";0.428571428571429;0.285714285714286;0.285714285714286
"前波";0.214285714285714;0.428571428571429;0.357142857142857
"前高";0.375;0.25;0.375
"前即";0.428571428571429;0.285714285714286;0.285714285714286
"前拉出";0.5;0.25;0.25
"前緣";0.5;0.25;0.25
"錢冠州";0.363636363636364;0.272727272727273;0.363636363636364
"強調";0.416666666666667;0.166666666666667;0.416666666666667
"強勢";0.214285714285714;0.357142857142857;0.428571428571429
"強心針";0.333333333333333;0.444444444444444;0.222222222222222
"清明節";0.5;0.25;0.25
"傾向";0.6;0.2;0.2
"情況";0.333333333333333;0.466666666666667;0.2
"情怯";0.363636363636364;0.454545454545455;0.181818181818182
"區間";0.176470588235294;0.470588235294118;0.352941176470588
"全年";0.3;0.3;0.4
"全球";0.272727272727273;0.363636363636364;0.363636363636364
"全數";0.205128205128205;0.435897435897436;0.358974358974359
"權值";0.24;0.44;0.32
"權重";0.4;0.4;0.2
"卻是";0.333333333333333;0.444444444444444;0.222222222222222
"確定";0.428571428571429;0.285714285714286;0.285714285714286
"熱錢";0.4;0.4;0.2
"人才";0.444444444444444;0.222222222222222;0.333333333333333
"人臉";0.333333333333333;0.333333333333333;0.333333333333333
"仍未明";0.5;0.25;0.25
"日島";0.428571428571429;0.285714285714286;0.285714285714286
"日刊";0.5;0.25;0.25
"融券";0.363636363636364;0.272727272727273;0.363636363636364
"如聯";0.428571428571429;0.285714285714286;0.285714285714286
"如興";0.428571428571429;0.285714285714286;0.285714285714286
"如中";0.428571428571429;0.285714285714286;0.285714285714286
"三大";0.2;0.46;0.34
"三家";0.5;0.25;0.25
"三星";0.214285714285714;0.5;0.285714285714286
"商機";0.227272727272727;0.454545454545455;0.318181818181818
"上調";0.333333333333333;0.166666666666667;0.5
"上法";0.428571428571429;0.285714285714286;0.285714285714286
"上櫃";0.181818181818182;0.409090909090909;0.409090909090909
"上市";0.272727272727273;0.363636363636364;0.363636363636364
"上似";0.5;0.25;0.25
"上探";0.272727272727273;0.363636363636364;0.363636363636364
"上漲";0.162921348314607;0.297752808988764;0.539325842696629
"上陣";0.5;0.25;0.25
"上證指數";0.2;0.5;0.3
"上周";0.19047619047619;0.380952380952381;0.428571428571429
"捎來";0.5;0.25;0.25
"設備";0.192307692307692;0.346153846153846;0.461538461538462
"設計";0.176470588235294;0.529411764705882;0.294117647058824
"升溫";0.4;0.2;0.4
"升息";0.333333333333333;0.333333333333333;0.333333333333333
"生技";0.4;0.3;0.3
"聲明";0.428571428571429;0.285714285714286;0.285714285714286
"勝敗";0.5;0.25;0.25
"施羅德";0.428571428571429;0.285714285714286;0.285714285714286
"師從";0.5;0.25;0.25
"十檔";0.333333333333333;0.533333333333333;0.133333333333333
"時機";0.5;0.25;0.25
"實力";0.333333333333333;0.2;0.466666666666667
"市場";0.178010471204188;0.429319371727749;0.392670157068063
"市場需求";0.3;0.5;0.2
"市況";0.285714285714286;0.285714285714286;0.428571428571429
"市占率";0.375;0.25;0.375
"市值";0.375;0.1875;0.4375
"收購";0.333333333333333;0.222222222222222;0.444444444444444
"收紅";0.363636363636364;0.454545454545455;0.181818181818182
"收盤";0.444444444444444;0.222222222222222;0.333333333333333
"收月增";0.5;0.25;0.25
"手機";0.291666666666667;0.25;0.458333333333333
"首季";0.461538461538462;0.384615384615385;0.153846153846154
"首屆";0.5;0.25;0.25
"受惠";0.3;0.5;0.2
"受惠者";0.428571428571429;0.285714285714286;0.285714285714286
"屬於";0.5;0.25;0.25
"稅制";0.428571428571429;0.285714285714286;0.285714285714286
"四大";0.5;0.25;0.25
"四個";0.266666666666667;0.333333333333333;0.4
"四三兆元";0.428571428571429;0.285714285714286;0.285714285714286
"伺機";0.333333333333333;0.25;0.416666666666667
"隨著";0.428571428571429;0.285714285714286;0.285714285714286
"他說";0.428571428571429;0.285714285714286;0.285714285714286
"台幣";0.130434782608696;0.478260869565217;0.391304347826087
"台廠";0.4;0.2;0.4
"台股";0.11864406779661;0.398305084745763;0.483050847457627
"台積";0.0923076923076923;0.353846153846154;0.553846153846154
"台積電";0.103723404255319;0.422872340425532;0.473404255319149
"台灣";0.204301075268817;0.365591397849462;0.43010752688172
"台灣浩鼎";0.5;0.25;0.25
"太陽能";0.363636363636364;0.454545454545455;0.181818181818182
"題材";0.363636363636364;0.363636363636364;0.272727272727273
"挑戰";0.285714285714286;0.214285714285714;0.5
"條件";0.444444444444444;0.222222222222222;0.333333333333333
"通路";0.428571428571429;0.285714285714286;0.285714285714286
"同力說";0.428571428571429;0.285714285714286;0.285714285714286
"同時";0.136363636363636;0.545454545454545;0.318181818181818
"統計";0.4;0.3;0.3
"投顧";0.266666666666667;0.133333333333333;0.6
"投資";0.242424242424242;0.121212121212121;0.636363636363636
"投資人";0.101694915254237;0.542372881355932;0.355932203389831
"凸顯";0.5;0.333333333333333;0.166666666666667
"推估";0.238095238095238;0.238095238095238;0.523809523809524
"外資";0.112627986348123;0.41296928327645;0.474402730375427
"完整";0.428571428571429;0.285714285714286;0.285714285714286
"萬點";0.315789473684211;0.473684210526316;0.210526315789474
"萬元";0.428571428571429;0.285714285714286;0.285714285714286
"旺季";0.363636363636364;0.454545454545455;0.181818181818182
"危機";0.230769230769231;0.307692307692308;0.461538461538462
"圍繞";0.4;0.4;0.2
"尾盤";0.166666666666667;0.5;0.333333333333333
"尾聲";0.444444444444444;0.222222222222222;0.333333333333333
"未來";0.583333333333333;0.166666666666667;0.25
"問及";0.428571428571429;0.285714285714286;0.285714285714286
"問題";0.1875;0.375;0.4375
"吳當傑昨";0.428571428571429;0.285714285714286;0.285714285714286
"吳明蕙";0.5;0.25;0.25
"五大";0.444444444444444;0.333333333333333;0.222222222222222
"五到";0.5;0.25;0.25
"五個";0.181818181818182;0.409090909090909;0.409090909090909
"吸睛";0.5;0.25;0.25
"吸引外資";0.5;0.25;0.25
"希臘";0.24;0.16;0.6
"下半年";0.333333333333333;0.416666666666667;0.25
"下單";0.25;0.416666666666667;0.333333333333333
"下檔";0.3;0.4;0.3
"下滑";0.555555555555556;0.222222222222222;0.222222222222222
"下來";0.428571428571429;0.285714285714286;0.285714285714286
"下修";0.115384615384615;0.423076923076923;0.461538461538462
"下以";0.5;0.25;0.25
"先鋒";0.307692307692308;0.461538461538462;0.230769230769231
"限水";0.5;0.25;0.25
"現貨";0.0784313725490196;0.509803921568627;0.411764705882353
"現金";0.266666666666667;0.266666666666667;0.466666666666667
"現在";0.5;0.25;0.25
"相關";0.333333333333333;0.333333333333333;0.333333333333333
"消費者";0.428571428571429;0.285714285714286;0.285714285714286
"小時";0.3;0.3;0.4
"小漲";0.222222222222222;0.277777777777778;0.5
"小資";0.428571428571429;0.285714285714286;0.285714285714286
"效應";0.5;0.166666666666667;0.333333333333333
"協會";0.230769230769231;0.384615384615385;0.384615384615385
"協理";0.173913043478261;0.347826086956522;0.478260869565217
"協商";0.444444444444444;0.222222222222222;0.333333333333333
"協助";0.444444444444444;0.222222222222222;0.333333333333333
"新高";0.16;0.36;0.48
"新機";0.375;0.25;0.375
"新機種";0.428571428571429;0.285714285714286;0.285714285714286
"新興";0.307692307692308;0.461538461538462;0.230769230769231
"新猷";0.5;0.25;0.25
"薪資";0.5;0.25;0.25
"性商";0.428571428571429;0.285714285714286;0.285714285714286
"興櫃";0.333333333333333;0.444444444444444;0.222222222222222
"修台";0.444444444444444;0.222222222222222;0.333333333333333
"宣告";0.428571428571429;0.285714285714286;0.285714285714286
"選擇權";0.2;0.266666666666667;0.533333333333333
"學苑";0.5;0.25;0.25
"壓回";0.307692307692308;0.461538461538462;0.230769230769231
"壓力";0.162790697674419;0.511627906976744;0.325581395348837
"壓盤";0.4;0.4;0.2
"壓縮";0.3;0.4;0.3
"亞股";0.0740740740740741;0.537037037037037;0.388888888888889
"亞科";0.181818181818182;0.454545454545455;0.363636363636364
"亞投行";0.555555555555556;0.222222222222222;0.222222222222222
"亞洲";0.125;0.553571428571429;0.321428571428571
"亞洲盃";0.5;0.25;0.25
"延到";0.5;0.25;0.25
"嚴重";0.272727272727273;0.181818181818182;0.545454545454545
"羊年";0.5;0.125;0.375
"要角";0.1875;0.4375;0.375
"藥廠";0.5;0.25;0.25
"也將";0.470588235294118;0.117647058823529;0.411764705882353
"業外";0.428571428571429;0.285714285714286;0.285714285714286
"一筆";0.4;0.2;0.4
"一場";0.428571428571429;0.285714285714286;0.285714285714286
"一大筆";0.428571428571429;0.285714285714286;0.285714285714286
"一帶";0.5;0.25;0.25
"一個";0.347826086956522;0.347826086956522;0.304347826086957
"一舉";0.206896551724138;0.241379310344828;0.551724137931034
"一盤";0.307692307692308;0.307692307692308;0.384615384615385
"一線";0.416666666666667;0.333333333333333;0.25
"一項";0.5;0.25;0.25
"一樣";0.444444444444444;0.222222222222222;0.333333333333333
"一隻";0.428571428571429;0.285714285714286;0.285714285714286
"依舊";0.222222222222222;0.333333333333333;0.444444444444444
"依序是";0.428571428571429;0.285714285714286;0.285714285714286
"移除";0.5;0.25;0.25
"已經";0.363636363636364;0.272727272727273;0.363636363636364
"已落";0.428571428571429;0.285714285714286;0.285714285714286
"以來";0.141025641025641;0.41025641025641;0.448717948717949
"以台積";0.5;0.25;0.25
"挹注";0.25;0.333333333333333;0.416666666666667
"億美元";0.125;0.425;0.45
"億元";0.119617224880383;0.435406698564593;0.444976076555024
"因陸";0.428571428571429;0.285714285714286;0.285714285714286
"因為";0.1875;0.46875;0.34375
"引導";0.5;0.25;0.25
"英特爾";0.444444444444444;0.222222222222222;0.333333333333333
"營收";0.0735294117647059;0.411764705882353;0.514705882352941
"營運";0.2;0.266666666666667;0.533333333333333
"影響";0.0909090909090909;0.545454545454545;0.363636363636364
"擁有";0.428571428571429;0.285714285714286;0.285714285714286
"優良";0.5;0.25;0.25
"優於";0.179487179487179;0.384615384615385;0.435897435897436
"由於";0.333333333333333;0.333333333333333;0.333333333333333
"友達";0.2;0.32;0.48
"有別";0.5;0.25;0.25
"預料";0.5;0.25;0.25
"預期";0.285714285714286;0.464285714285714;0.25
"月光";0.210526315789474;0.368421052631579;0.421052631578947
"樂觀";0.454545454545455;0.272727272727273;0.272727272727273
"樂活";0.428571428571429;0.285714285714286;0.285714285714286
"仔細";0.5;0.25;0.25
"再創";0.3125;0.1875;0.5
"再度";0.333333333333333;0.5;0.166666666666667
"再來";0.5;0.25;0.25
"再添";0.5;0.25;0.25
"再注";0.375;0.375;0.25
"在於";0.5;0.25;0.25
"則較";0.428571428571429;0.285714285714286;0.285714285714286
"則再";0.5;0.25;0.25
"增發";0.428571428571429;0.285714285714286;0.285714285714286
"債務";0.25;0.3125;0.4375
"展開";0.266666666666667;0.266666666666667;0.466666666666667
"展望";0.3;0.2;0.5
"展訊";0.5;0.25;0.25
"展延";0.25;0.416666666666667;0.333333333333333
"張念";0.5;0.25;0.25
"張忠謀";0.2;0.133333333333333;0.666666666666667
"漲幅";0.25;0.333333333333333;0.416666666666667
"召開";0.0925925925925926;0.407407407407407;0.5
"召委羅明";0.5;0.25;0.25
"兆豐";0.263157894736842;0.315789473684211;0.421052631578947
"兆頭";0.444444444444444;0.333333333333333;0.222222222222222
"兆元";0.290322580645161;0.354838709677419;0.354838709677419
"照明";0.428571428571429;0.285714285714286;0.285714285714286
"震盪";0.166666666666667;0.6;0.233333333333333
"整數";0.375;0.25;0.375
"整體";0.333333333333333;0.444444444444444;0.222222222222222
"證交所";0.5;0.166666666666667;0.333333333333333
"證券";0.0967741935483871;0.387096774193548;0.516129032258065
"證所稅";0.428571428571429;0.285714285714286;0.285714285714286
"之後";0.208333333333333;0.166666666666667;0.625
"之際";0.333333333333333;0.25;0.416666666666667
"之間";0.352941176470588;0.411764705882353;0.235294117647059
"之遙";0.428571428571429;0.285714285714286;0.285714285714286
"支撐";0.384615384615385;0.461538461538462;0.153846153846154
"執行長";0.285714285714286;0.142857142857143;0.571428571428571
"指標";0.19047619047619;0.285714285714286;0.523809523809524
"指標股";0.4;0.4;0.2
"指期";0.145833333333333;0.333333333333333;0.520833333333333
"指數";0.158730158730159;0.388888888888889;0.452380952380952
"指紋";0.5;0.25;0.25
"智慧型";0.428571428571429;0.285714285714286;0.285714285714286
"製程";0.333333333333333;0.416666666666667;0.25
"製造商";0.5;0.25;0.25
"製造業";0.4;0.3;0.3
"中場";0.35;0.2;0.45
"中鋼構";0.363636363636364;0.272727272727273;0.363636363636364
"中國";0.121212121212121;0.409090909090909;0.46969696969697
"中國工商銀行";0.428571428571429;0.285714285714286;0.285714285714286
"中聯";0.333333333333333;0.416666666666667;0.25
"中砂";0.428571428571429;0.285714285714286;0.285714285714286
"中小";0.333333333333333;0.222222222222222;0.444444444444444
"中小企業";0.454545454545455;0.363636363636364;0.181818181818182
"中央銀行";0.375;0.25;0.375
"重回";0.5;0.25;0.25
"周邊";0.4;0.2;0.4
"周將";0.4;0.4;0.2
"周期";0.545454545454545;0.181818181818182;0.272727272727273
"周轉率";0.5;0.25;0.25
"朱立倫";0.428571428571429;0.285714285714286;0.285714285714286
"主軸";0.4;0.4;0.2
"專攻";0.428571428571429;0.285714285714286;0.285714285714286
"專家";0.285714285714286;0.333333333333333;0.380952380952381
"卓碧華";0.428571428571429;0.285714285714286;0.285714285714286
"資金";0.346153846153846;0.153846153846154;0.5
"字型";0.5;0.25;0.25
"總裁";0.428571428571429;0.285714285714286;0.285714285714286
"總統";0.428571428571429;0.285714285714286;0.285714285714286
"走勢";0.210526315789474;0.526315789473684;0.263157894736842
"族群";0.315789473684211;0.421052631578947;0.263157894736842
"尊為";0.428571428571429;0.285714285714286;0.285714285714286
"昨天";0.173913043478261;0.391304347826087;0.434782608695652
"作價";0.5;0.2;0.3
"作收";0.0857142857142857;0.428571428571429;0.485714285714286
"作帳";0.307692307692308;0.307692307692308;0.384615384615385
"0.02";0.285714285714286;0.428571428571429;0.285714285714286
"0.07";0.285714285714286;0.428571428571429;0.285714285714286
"0.2";0.25;0.5;0.25
"0.5";0.25;0.5;0.25
"0.75";0.25;0.375;0.375
"0.8";0.285714285714286;0.428571428571429;0.285714285714286
"00";0.285714285714286;0.428571428571429;0.285714285714286
"006205";0.25;0.5;0.25
"01";0.25;0.5;0.25
"014";0.285714285714286;0.428571428571429;0.285714285714286
"031-8";0.285714285714286;0.428571428571429;0.285714285714286
"040";0.285714285714286;0.428571428571429;0.285714285714286
"053.2";0.285714285714286;0.428571428571429;0.285714285714286
"059";0.285714285714286;0.428571428571429;0.285714285714286
"06";0.25;0.5;0.25
"060";0.285714285714286;0.428571428571429;0.285714285714286
"075";0.25;0.5;0.25
"083210";0.25;0.5;0.25
"084488";0.25;0.5;0.25
"085.31";0.285714285714286;0.428571428571429;0.285714285714286
"086218";0.25;0.5;0.25
"1.";0.181818181818182;0.272727272727273;0.545454545454545
"1.03";0.166666666666667;0.25;0.583333333333333
"1.05";0.285714285714286;0.428571428571429;0.285714285714286
"1.1";0.105263157894737;0.421052631578947;0.473684210526316
